#
# GMT Tue Mar 21 07:25:57 2017
# 
0 1 166 167 8 140 177 178 250
1 256 194 3 257 9 141 233 251
2 3 134
3
4 256 230 228 229 6 231 114 50 52
5 114 51
6 7 50 340 57 63
7 56 58 51 54
8 9 188 13 256
9 116 29 337
10 51 168 11 50 15 16 17 18 19 52 53
11 59 12 50 166
12 35 54 14 15
13 103 279 14 214 215 95
14 96 170 112 51
15 142 143 16 88 57 61 63
16 64 152 58 63
17 279 343 43 142 111 18 19 20 21 22 23 344 25
18 104 233 43 19 20 309 22
19 43 20
20 24 43
21 199 105 74 79 80 307 22
22 79 25
23 24 303 105 95
24 80 92
25 80 98 232
26 260 90 27 84 106
27 28 90 110 109
28 272 102
29 81 142 143 145 30
30 128 342 265 270 31 33 36 38 39 300 301 63 69 76 77 78 334 86 344 292 92 97 98 166
31 32 65 98 325 166 39
32 320 65 41 74 110 319
33 34 35 36 229 38 39 111 313 319 63
34 64 35 37 38 39 40 229
35 67 37 39
36 38 37
37 39 41 240
38 39 40 42 66
39 41 67 53
40 41 42 221
41 320 324 187 158 191
42 155 84 151
43 44 46 118 279 184 57 61 63
44 64 58 63
45 54 46
46 105 106 108 47 54 126
47 58 107
48 296 49 189 54 57
49 56 58 237 54
50 51 52
51 52
52 268 53
53 54 60 106
54 55 56 60
55 56 296 59
56 65 60
57 58 59 60
58 229
59 66 265 60 61
60 61
61 65 99 158 157 62
62 64 63
63 64 233 270 334 124
64 100
65
66 67
67 78
68 270 145 146 147 148 90 91 93 94
69 90 172
70 90 94 71
71 272
72 262 73 74 76 109 142 268 302 214 223
73 74 75 296 242 339
74 101 75 109 93
75
76 98 293 166 77 78 286
77 166 172 116 87 92
78 97 98 100 82 93
79 80 97 232
80 98
81 82 252
82
83 260 258 84 87
84 162 93 92 90 94
85 99 124 125 86
86 335 87
87
88 89 319
89 124 309
90 98 91 93 94
91 92 93 94
92 98
93 309 116 94
94
95 96 98 103 104 105
96 105 98
97 297 166
98
99 192 258 259 100 103 104
100 258 104 114
101 258 102 103 104 147
102 103 104 106 107 108 216
103 104 105 112
104 105 106 107 108
105 106
106 228
107 242 171
108 149
109 110
110 112
111 112
112 168 115 127
113 128 114 132
114 128 129 132 169 115
115 132 117 127
116 132 117 246
117 129 132 245 246
118 124 119
119 121 225 165 174
120 121 130 327 125 225
121 225 125
122 225 123
123 125 215
124
125 225
126 130 131 132 133 135 138 204 127
127 240 134 135 136 137 138
128 129
129
130 138 139 134
131 139 133 134
132 133 134 138 139
133 139 134
134 136 137
135 138 139
136 241
137 233 139
138 336 139 141 144 145 152
139 192 140 141 197
140 192 197 149 219
141 339 281 250 251
142 145 146 147 148 344
143 144 145
144 145 147 148
145 272
146 272
147 272
148 272
149 156 153
150 153 156
151 153 155 156 154
152 155 154
153 154
154
155 226
156
157 160
158 160 159
159
160
161 162 163 164 165 330 331 332 338 323 250 319
162 323 324 165 167 270 337
163 336 164 309
164 338 165
165 338 339
166 167 169
167
168 192 193 195 169 170
169 195 170 177 219
170 171 172
171 192 172
172 180
173 193 178 174
174 193 178 257
175 176 177 178 181 202
176 344 178 181 182
177 192 234 178 216 217
178 192 193 217
179 192 226 210 180 182 184 185
180 181 211
181 229 210 182 183 187 188 254
182 257 183 186 251
183 191
184 185 210 211
185 211
186 187 212
187
188 317 336 210 211 212 214 215 189 190
189 210 211 212 213
190 191
191 196
192 193 197 198 219 200
193 198
194 200 208 257
195 197 209
196 200 197
197 198 206 207 219
198 206 207
199 200 205 208 209 220
200 202 204
201
202 203
203 249 207
204 205
205 220 309
206 207 208 247 216
207
208 209
209
210 262 211 237
211 212
212 213
213
214 315 215
215 297
216 217 218 219 220 221
217
218 219 277
219 340 220
220 221
221 339
222 313 223
223 224 234 291
224 291 234 235 236 238
225
226 227
227
228 259 229 231
229 256 230
230
231 258 268
232 233
233 234 235
234 235 236
235
236
237 240 238
238
239 240
240 296
241 242
242
243 297 244 334
244 334 318 335
245 248 264 342 246
246 248 271
247 248 249
248 298 300
249 298
250 251 252
251 257 253
252 253
253 257 255
254 264 257 255
255
256 257 271
257 335
258 259
259 260 262
260 263
261 262
262 263
263
264
265 266 269 334 273 276 317
266 274 269 273
267 280 334 335
268 269 270 315
269 328 270 271 275 276 277 280 315
270 298 271 315 316 317
271 329 312 315 318
272 330
273 309 274 305
274 292 293 309
275 288 296 297 333 276 277
276 288 292 307 296 298 302 277
277 288 286
278 297 300 309 311 280 282
279 280
280 343
281
282 299 283
283 284
284 321 309
285 292 293 333 307 308 317 286 319
286 292 333 308
287 288 300
288 289 333 303 304 337
289 333
290 291 325 300 301 303 304 305 306 340 311 319
291 293 301 303 304 306 311
292 293 294 296
293 299 318
294 340 307 310 319
295
296 298 307 340 316 297 319
297 307 340 341
298 299 300 301 307 342 315
299 300 301 302 343 316
300 342 302 311 313
301 302 342 312
302 311 313
303 320 322 304 305 306 319
304 320 326 321 330 322 305 310 318 319
305 320 321 322 306 311 317 318 319
306 320 321 322 311 314 318 319
307 340 308 341
308 330 340 341 312
309 326 310 325 327 334 335 323 312 319
310 333 334 335 312
311 338 334 312 319
312 334 339 335
313 333 314
314
315 334 335
316 323 334 335
317 320 322 332 318 319
318 320 321 322 326 325 330 332 319
319 322 321 320
320 321 322
321 322
322
323 324 327 330 331 332
324 330 337
325 326 330 340
326 329 330 332 340
327 328 329 330 331
328 336 330
329 331 332 336 337
330 331
331 336
332 336 337 342
333 334 335
334 335
335 337 343
336 337 340 341 342
337 343 338 339 340 341
338 339 341
339 341
340 341
341
342 343
343
344
