#
# GMT Tue Mar 21 07:38:01 2017
# 
0 1008 882 1460
1 2 3 4 5
2 3 4 5
3 4 5
4 5
5
6 8 9 10 7
7
8 9 10 1307 1308 1406
9 10
10
11 12 13 14 977 978 979 980
12 13 14
13 14
14
15 16 17
16 17
17
18 19 20
19 20
20
21 22 23
22 189 350 190 23
23 350 190 189
24 25 26
25 26
26
27 833 786 50 308 122 383 28 29 30 31
28 29
29
30 486 941 1424 785 786 533 534 31 1195 50 47 48 49 178 442 1098 1099 463 466 467 484 485 1403 356 357 358 1425 1133 1134 122 123 124 125
31 1424 785 786 533 534 1049 809 1425 49 50 1098 707 711 712 713 714 1099 615 617 618 620 122 123 124 125
32 33 34 35 36 37
33 34 35 36 37
34 35 36 37
35 36 37
36 37
37
38 39
39
40 41 42
41 576 577 578 579 42
42 1250 1251 1252 566 74 179 180 181 182 407
43 44 45 46
44 203 204 205 46 45
45 46
46
47 941 48 49 50 51 52 53 54
48 49 50
49 955 1349 1350 1351 50 533 534 1210 954 123 124 125
50 1424 1133 123 785 1403 1098 1099 786 1134 466 467 533 534 124 125
51 832 1344 871 521 172 52 85 617
52 832 1344 871 521 172 617
53 648 54
54
55 56 57
56 57
57
58 1435 1436 998 999 1000 1001 1437 753 754 755 756 343 948 1434 59 60 61 1438 1439
59 60 1437 1438 1435 1436 61 1434 1439
60 743 744 745 746 61
61
62 64 63
63 64
64
65 66 67 68 709 92 1006 1007 912 291 708 668 669
66 67 68
67 68 140 141 142 690 691 148 149 668
68 708 709 422 912 692 668 221
69 72 70 71
70 72 71
71 72
72 498 1459 1268
73 74 75 76
74 263 1041 1042 1043 286 799 288 289 290 287 1086 707 710 75 76 1102 1103 1104 468 606 351 352 610 113 938
75 76
76
77 78 79
78 1378 535 79
79
80 81 82
81 82
82
83 84 670
84 925 670 911
85
86 88 87
87 88
88
89 667 141 212 90 91 92 93 94 95
90 91 92 93
91 1089 1362 141 660 1363 212 661 662 667 92 93 94 95
92 291 667 669 668 93 94 95
93
94 667 95
95
96 97 98
97 98
98
99 100 101
100 803 101
101
102 103
103
104 105
105
106 107
107 1077 1078
108 109
109 872 873 874 875
110 418 420 111
111
112 113
113 960 715 1160 716 523 524 522
114 115 116
115 116
116
117 721 722 723 724 118 119
118 951 493 142 721 722 723 724 119 952 953 1343
119 952 953 951
120 121
121
122 191
123 1133 1134 533 534 124 125
124 533 534 125
125 533 534
126 127
127 684 203 556 557 558 210
128 129
129
130 131 132 133 134 135 136 137 138 139
131 132 133 134 135 136 137 138 139
132 133 134 135 136 137 138 139
133 134 135 136 137 138 139
134 135 136 137 138 139
135 136 137 138 139
136 137 138 139
137 138 139
138 139
139
140 141 142 143
141 1089 1090 1126 263 492 493 142 1232 212 282 478
142 900 492 493 899 212 311 312 282 1343 1011
143 493
144 145 146 147
145 146 147
146 147
147
148 149
149
150 151
151
152 153 282 603 604 297
153
154 155
155
156 387 157
157
158 160 159
159 160
160 857
161 162 163
162 163
163
164 165 166
165 166
166 864
167 168 169
168 169
169
170 171
171
172 173 174
173 174
174 1296 1297 1298 1077
175 176 177
176 177
177 539 613 614
178 486 484 485
179 180 181 182
180 181
181
182 1056 1057 1269 1270 891 892 1054 1055
183 184 185 186 187
184 185 186 187
185 186 187
186 187
187
188 189 190
189 190
190
191 297 298 283 284 282
192 193
193
194 195 196 1358 1359
195 196
196
197 198 199
198 199
199
200 201 202
201 202
202
203 237 737 326 327 328 971 204 205 206 207 208 209 210 211 236 1335 492
204 236 205 237
205 971 237 206 207 211 236
206 1280 1185 1186 451 324 1062 657 207 208 209 211 1432 1433 1277 1278 1279
207 208 209 211
208 324 1062 209
209 451
210
211 971
212 492 493
213 214
214 1002
215 216 217 218
216 217 218
217 218
218
219 220 221
220 221
221
222 223
223
224 225 226 1379 1380 1381 1382
225
226
227 228
228 865 1396 1397 1398
229 230 231 232 489 1135 414
230 489 414
231
232 395 1044 1045
233 234 235
234 235
235
236 237
237 326 327 328
238 240 934 239
239 240 934
240
241 1081 242 1082
242 1082 1081
243 244
244
245 246 247 248 249 250 251 252
246 880 881 247 248 249 250 251 252
247 248 249 250 251 252
248 288 847 880 881 249 250 251 252
249 288 847 880 881 250 251 252
250 251 252
251 288 847 880 881 252
252
253 254
254
255 256 257
256 257
257 575 573 574
258 259 260
259 384 385 260 386 565 382 383
260 384 385 386 565 382 383
261 262 263 264 265 266 267
262 263 264 265 266 267
263 546 547 548 264 265 267 1334 1005 1232 1233 1234 1090 266
264 265 266 267 429
265 546 266 267 1334
266 267
267
268 269 270 271
269 270
270 271
271
272 273 274
273 274
274
275 868 869 1257 1258 276 694 695 696 1181
276 1345 1346 1347 804 869 1348 1257 1258 1427 1426 1428 694 695 696 868 698 1181 958 959
277 280 281 278 279
278
279 280 281
280 281
281 1377 908
282 604 603 297 298 441 283 284 285
283 284 285 1093
284 1299 1300 956 477
285
286 288 289 290 287
287 288 289
288 289 847 560
289 290 969 1423 970
290 352 468 469 471
291
292 293
293
294 296 295
295 296 1281
296
297 298 603 604
298
299 300
300 400
301 302 303 304 305 306 1174
302 304 1174 303
303 304
304 305 306
305 306
306
307 308 309 310
308 833 566 1287 1288 1097 1290 1291 396 397 309 310 1289 383
309 1097 396 310 383
310 521 1273
311 1120 1121 1122 1123 312
312
313 314 315 316
314 315 316
315 316
316
317 318
318 1442 1443 1444 1445 597
319 320 321 322
320 321 322
321 322
322
323 652 324 325
324 1280 325 1062 657 1277 1278 1279
325
326 328 327
327 737 328 492
328
329 330 331 332 333 334
330 331 332 333 334
331 332 333 334 649
332 333 334
333 334
334
335 336 337
336 337
337
338 339 340 341 342
339 340 341 342
340
341 342
342
343 1242 1241 999 753 754 755 1239 344 345 1240 346
344
345 346
346
347 348 349
348 349
349
350
351 352
352 710 811 810
353 354 355
354 355
355
356 357 358 359 1195 1168
357 358 359 1195 1168
358 359 1195 1168 1237 1238
359
360 361 362
361 362
362
363 364 365
364 365
365
366 367 368 369 370 371 372 373
367 368 369 370 371 372 373
368 369 370 371 372 373
369 370 371 372 373
370 371 372 373
371 372 373
372 373
373
374 376 377 375
375 376 377
376 377
377
378 379 380 381
379 380 381
380 381
381
382 384 385 386 383
383 384 385 386 833 396 397
384 385 386 565
385 386
386
387
388 392 393 389 390 391
389 392 390 391
390 392 393 391
391 392
392 393
393
394 395
395 1138 1139 1044 1045 860
396 1287 1288 1289 1290 1291 566
397
398 399
399
400
401 402 403
402 403
403
404 405 406
405 406
406
407 408 1251 1250
408
409 410 411
410
411
412 413
413
414
415 416 417
416 417
417
418 419 420
419
420
421 422
422 692 693 638 639
423 424
424 659
425 426 427 428
426 427 428
427 428
428
429
430 431 432 433 434 435 436 437
431 432 433 434 435 436 437
432 433 434 435 436 437
433 434 435 436 437
434 435 436 437
435 436 437
436 437
437
438 440 441 439
439 440 441
440 441
441 603
442 443 444
443 444
444
445 448 449 446 447
446 448 449 447
447 448 449
448 449
449
450 451 452 1013 919
451 452 1013 1014 919 920
452
453 456 454 455
454
455 456
456 876
457 458 459 460
458 459 460
459 1155 1156 460 1140 1141
460 1152 976 1338 1149 1150 1151
461 462
462
463
464 465
465
466 467
467
468 471 470 469
469
470
471
472 473 474
473 474
474 1292 1293 730 731
475 476
476
477
478 480 481 1126 479
479 480
480 481
481
482 483
483
484 486 485
485 486
486
487 488
488
489
490 491 492 493
491 492 493 637
492 737 493 1009 1010 1011 1012 637
493 899 900 1231 1343
494 495
495
496 497
497
498 1459 499 500 501 502 503 1268
499 694 500 501 502 698 1245
500 501 502 1215
501 502
502
503
504 505
505
506 1408 1409 507 508 509 1407
507 1408 1409 508 509 1407
508 1408 1409 509 1407
509
510 511
511
512 513 514 515 516 517 650 651
513 514
514 650 651
515 516 517
516 517
517
518 519
519
520 521
521 1144 1273
522 523 524
523 524
524 960
525 526 527
526 527
527
528 529 530
529 530
530
531 532
532
533 534
534
535 536 537 538
536 537 538
537 538
538
539 613 614
540 541
541
542 543
543
544 545
545
546 547 548
547
548
549 550
550
551 552 553
552 553
553
554 555
555
556 557 558
557 558
558 684
559 560 561 562 1091 1092
560 1091 1092 561 562
561 562 1091 1092
562
563 564
564
565
566
567 568 738 739
568
569 570
570
571 572
572
573 574 575
574 575
575
576 578 579 577
577
578 579
579
580 581
581
582 583
583
584 585 586
585 586
586
587 588
588
589 590
590
591 592 593 594
592 593 594
593 594
594
595 596 597
596 1451 597
597 1442 1443 1444 1445 1446 1451 732 733
598 599
599
600 601 602
601 602
602
603 604 605
604
605
606
607 608 672 671
608
609 1312 1313 1314 1315 1316 1317 1318 1319 1320 1321 1322 1323 1324 1325 1326 1327 1328 1329 1330
610 799
611 612
612
613 614
614
615 832 616 617 618 619 620
616 617 618
617 832 809 618 619 620 808 807 725 1049
618 832 619 620
619
620 725 1049
621 624 622 623
622 624 623
623 624
624
625 640 740 741 742 626 627 628 629
626 640 627 628 629
627 628 629
628 629
629
630 631
631
632 633 634
633 679
634
635 636
636
637
638 639
639 1430 1431 1429
640
641 642 643
642 643
643
644 645 646 647
645 646 647
646 647
647
648
649
650 651
651
652
653 656 657 658 654 655
654 656 657 658 655
655 673 674 675 676 656 657 658
656 657 658
657 1280 1062 658 1277 1278 1279
658
659
660 661 662
661 662
662
663 664 665 666
664 665 666
665 666
666
667
668 669
669
670
671 672
672
673 674 675 676
674 675 676
675 676
676
677 704 678 703
678
679 1236 1337
680 681 682 683
681 682 683
682 683
683
684
685 686
686
687 688 689
688 689
689
690 691
691
692
693
694 868 869 1245 695 696 697 698 1181
695 868 869 696 1181
696 1184 1181 1182 1183
697
698 1245 958 959
699 700
700
701 702
702
703 704
704
705 706
706
707 708 709 710 711 712 713 715 716 1043 726 831 714
708 912 709
709 912
710
711
712 713 714 715 716 725 726 727 831
713 714
714
715 716 726 1160 831
716 726 1160 831
717 720 718 719
718 720 719
719 720
720
721 722 723 724
722 723 724
723 724
724
725 726 727 1049
726 727 831
727
728 729
729
730 731
731
732 1446 733
733
734 736 735
735 736
736
737
738 739
739
740 741 742
741 742
742
743 744 745 746
744 745 746
745 746
746
747 752 748 749 750 751
748 752 749 750 751
749 752 750 751
750 752 751
751 752
752
753 998 999 1000 1001 754 755 756
754 998 999 1000 1001 755 948 756
755 998 999 1000 1001 756
756
757 758
758
759 760
760
761 762 763
762 763
763
764 765
765
766 767
767 1085
768 769 770 771
769 770 771
770 771
771
772 773 774 775 776 777 778 779 780 781
773 774 775 776 777 778 779 780 781
774 775 776 777 778 779 780 781
775 776 777 778 779 780 781
776 777 778 779 780 781
777 778 779 780 781
778 779 780 781
779 780 781
780 781
781
782 784 783
783 784
784
785
786 1098 1099
787 788 789
788 789
789 1410 1177 1178 1179 1180
790 792 793 791
791 792 793
792 793
793
794 795
795
796 797 798
797 798
798
799
800 801 802
801 802
802
803
804 1345 1346 1347 1348 805 806
805 806
806
807 808
808
809
810 811
811
812 816 813 814 815
813 816 814 815
814 816 1173 815
815 816
816
817 818 819 820 821
818 819 820 821
819 820 821
820 821
821
822 1230
823 824 825
824 825
825
826 827
827
828 829 830
829 830
830
831
832
833
834 835 836 837 838
835 836 837 838
836 837 838
837 838
838
839 840 841 1212
840 841
841
842 843 844
843 844
844
845 846
846
847
848 849 850
849 850
850
851 856 852 853 854 855
852 1110 934 1111 1112 1108 853 854 855 856 1113 1114 1115 1109
853 1113 1108 854 855 856 1114 1115
854 1108 1113 855 856 1114 1115
855 1110 934 1161 1162 1113 1112 1111 856 1108 1114 1115 1109
856
857
858 859
859
860
861 862 863
862 863
863
864
865 1396 1397 1398
866 867
867 1301
868 1088 869 870 1257 1258 1245 1087
869 1257 1258
870
871
872 873 874 875
873 874 875
874 875
875
876
877 878 879
878 879
879
880 881
881
882
883 1176 884 1175
884
885 886
886
887 888 889 890
888 889 890
889 890
890
891 892
892 1056 1057 1054 1055
893 894 895
894 895
895
896 897 898
897 898
898
899 900
900
901 904 905 906 902 903
902 904 905 906 903
903 904 905 906
904 905 906
905 906
906
907 908
908 935 936 937 924
909 910 911
910 911
911 1048
912
913 914
914
915 916 917
916 917
917
918 920 921 919
919 1014 1013 920 921
920 1014
921
922 923
923
924
925
926 927
927
928 929 930 931 932
929 930 931 932
930 931 932
931 932
932
933 934
934 1383 1111 1392 1108 1109 1110 1112
935 936 937
936 937
937
938
939 940
940
941
942 943
943 975
944 945
945
946 947
947
948 999
949 1201 1202 1203 1204 950
950 1198 1199 1200 1201 1202 1203 1204
951 952 953
952 953
953
954 955
955
956 1300 1299 957
957
958 959
959
960
961 962
962
963 964
964
965 968 966 967
966
967 968
968
969 970
970
971
972 973 974
973 974
974
975
976
977 978 980 979
978 980 979
979 980
980
981 982
982
983 984 985 986 987
984
985 986 987
986 987
987
988 992 993 994 995 996 997 1295 989 990 991
989 992 993 994 995 996 997 990 991
990 992 993 994 995 996 997 991
991 992 993 994 995 996 997
992 993 994 995 996 997
993 994 995 996 997
994 995 996 997
995 996 997
996 997
997
998 999 1000 1001
999 1000 1001
1000 1001
1001
1002
1003 1004
1004
1005
1006 1007
1007
1008 1460
1009 1010
1010 1011 1012
1011
1012
1013
1014
1015 1016 1017 1018
1016 1017 1018
1017 1018
1018
1019 1020 1021
1020 1021
1021
1022 1024 1023
1023 1024
1024
1025 1026 1027 1028 1029 1030 1031 1032 1033
1026 1027 1028 1029 1030 1031 1032 1033
1027 1028 1029 1030 1031 1032 1033 1294 1246 1247
1028 1029 1030 1031 1032 1033
1029 1030 1031 1032 1033
1030 1031 1032 1033
1031 1032 1033
1032 1033
1033
1034 1035
1035
1036 1040 1037 1038 1039
1037 1040 1038 1039
1038 1040 1039
1039 1040
1040 1393 1394 1395
1041 1042
1042
1043
1044 1045
1045
1046 1047
1047
1048
1049
1050 1051
1051
1052 1053
1053
1054 1056 1057 1055
1055 1056
1056
1057
1058 1059
1059
1060 1061
1061 1369 1370
1062 1280 1185 1186 1432 1433 1277 1278 1279
1063 1064 1065 1066 1067
1064 1065 1066 1067
1065 1066 1067
1066 1067
1067
1068 1069 1070 1071 1072 1073 1074 1075 1076
1069 1070 1071 1072 1073 1074 1075 1076
1070 1071 1072 1073 1074 1075 1076
1071 1072 1073 1074 1075 1076
1072 1073 1074 1075 1076
1073 1074 1075 1076
1074 1075 1076
1075 1076
1076
1077 1296 1297 1298 1078
1078
1079 1080
1080
1081 1082
1082
1083 1084
1084
1085
1086
1087 1088
1088
1089
1090 1232
1091 1092
1092
1093
1094 1096 1095
1095 1096
1096
1097
1098 1099
1099
1100 1101
1101
1102 1104 1103
1103 1104
1104
1105 1106 1107
1106 1107
1107
1108 1110 1161 1162 1111 1109 1112 1113 1114 1115
1109 1110 1111 1112
1110 1111 1112
1111 1112
1112
1113 1114 1115
1114 1115
1115
1116 1117 1118 1119
1117 1118 1119
1118 1119
1119
1120 1121 1122 1123
1121 1122 1123
1122 1123
1123
1124 1125
1125
1126
1127 1128 1129
1128 1129
1129
1130 1131 1132 1235
1131
1132
1133 1134
1134
1135
1136 1137
1137
1138 1139
1139
1140 1141
1141
1142 1143
1143
1144
1145 1146
1146
1147 1148
1148
1149 1152 1150 1151
1150 1152 1151
1151 1152
1152
1153 1154
1154
1155 1156
1156
1157 1158 1159
1158 1159
1159
1160
1161 1162
1162
1163 1164
1164
1165 1166 1167
1166 1167
1167
1168
1169 1170 1171 1172
1170 1171 1172
1171 1172
1172
1173
1174
1175 1176
1176
1177 1178 1179 1180
1178 1179 1180
1179 1180
1180
1181
1182 1184 1183
1183 1184
1184
1185 1186
1186
1187 1188 1253 1254 1191 1256 1255 1190 1189
1188 1189 1190 1191
1189 1190 1191
1190 1191
1191
1192 1193 1194
1193 1194
1194 1266 1267
1195
1196 1197
1197
1198 1199
1199
1200
1201 1202 1203 1204
1202 1203 1204
1203 1204
1204
1205 1206
1206
1207 1208 1209 1210 1211
1208 1209 1210 1211
1209 1210 1211
1210 1349 1350 1351 1211
1211
1212
1213 1214
1214
1215
1216 1217 1218
1217 1218
1218
1219 1220
1220
1221 1222
1222
1223 1224 1225
1224 1225
1225
1226 1227 1228 1229
1227 1228 1229 1302
1228 1229
1229
1230
1231
1232
1233 1234
1234
1235
1236
1237 1238
1238
1239 1240 1241 1242
1240 1241 1242
1241 1242
1242
1243 1244
1244
1245 1248 1246 1247
1246 1294 1247
1247 1294
1248
1249 1336
1250 1251
1251
1252
1253 1256 1254 1255
1254 1256 1255
1255 1256
1256
1257 1258
1258
1259 1260
1260
1261 1262
1262
1263 1264 1265
1264 1265
1265
1266 1267
1267
1268
1269 1270
1270
1271 1272
1272
1273
1274 1275 1276
1275 1276
1276
1277 1280 1278 1279
1278 1280 1279
1279 1280
1280
1281
1282 1283 1284 1285 1286
1283 1284 1285 1286
1284 1285 1286
1285 1286
1286
1287 1288 1289 1290 1291
1288 1289 1290 1291
1289 1290 1291
1290 1291
1291
1292 1293
1293
1294
1295
1296 1297 1298
1297 1298
1298
1299 1300
1300
1301
1302
1303 1304 1305 1306
1304 1305 1306
1305 1306
1306
1307 1308
1308
1309 1310 1311
1310 1311
1311
1312 1314 1315 1316 1317 1318 1313 1320 1321 1322 1319 1324 1325 1326 1327 1328 1329 1330 1331 1323
1313 1314 1315 1316 1317 1318 1319 1320 1321 1322 1323 1324 1325 1326 1327 1328 1329 1330 1331
1314 1315 1316 1317 1318 1320 1321 1322 1319 1324 1325 1326 1327 1328 1329 1330 1331 1323
1315 1323 1316 1317 1318 1320 1321 1322 1319 1324 1325 1326 1327 1328 1329 1330
1316 1317 1318 1320 1321 1322 1319 1324 1325 1326 1327 1328 1329 1330 1323
1317 1318 1320 1321 1322 1319 1324 1325 1326 1327 1328 1329 1330 1323
1318 1320 1321 1322 1319 1324 1325 1326 1327 1328 1329 1330 1323
1319 1320 1321 1322 1323 1324 1325 1326 1327 1328 1329 1330
1320 1321 1322 1324 1325 1326 1327 1328 1329 1330 1323
1321 1322 1324 1325 1326 1327 1328 1329 1330 1323
1322 1324 1325 1326 1327 1328 1329 1330 1323
1323 1324 1325 1326 1327 1328 1329 1330
1324 1325 1326 1327 1328 1329 1330
1325 1326 1327 1328 1329 1330
1326 1327 1328 1329 1330
1327 1328 1329 1330
1328 1329 1330
1329 1330
1330
1331
1332 1333
1333
1334
1335
1336
1337
1338
1339 1340 1341 1342
1340 1341 1342
1341 1342
1342
1343
1344
1345 1348 1346 1347
1346 1348 1347
1347 1348
1348
1349 1350 1351
1350 1351
1351
1352 1353 1354
1353 1354
1354
1355 1356 1357
1356 1357
1357
1358 1359
1359
1360 1361
1361
1362 1363
1363
1364 1365 1366
1365 1366
1366
1367 1368
1368
1369 1370
1370
1371 1416 1372 1373 1414 1415
1372
1373 1416 1414 1374 1415
1374
1375 1376
1376
1377
1378
1379 1380 1381 1382
1380 1381 1382
1381 1382
1382
1383 1384 1385 1386 1387 1388 1392
1384 1385 1386 1387 1388
1385 1386 1387 1388
1386 1387 1388
1387 1388
1388
1389 1390 1391
1390 1391
1391
1392
1393 1394 1395
1394 1395
1395
1396 1397 1398
1397 1398
1398
1399 1400
1400
1401 1402
1402
1403
1404 1405
1405
1406
1407 1408 1409
1408 1409
1409
1410
1411 1412 1413
1412 1413
1413
1414 1416 1415
1415 1416
1416
1417 1418
1418
1419 1420 1421 1422
1420 1421 1422
1421 1422
1422
1423
1424 1425
1425
1426 1428 1427
1427 1428
1428
1429 1431 1430
1430 1431
1431
1432 1433
1433
1434 1435 1436 1437 1438 1439
1435 1437 1436 1438 1439
1436 1437 1438 1439
1437 1438 1439
1438 1439
1439
1440 1441
1441
1442 1443 1444 1445
1443 1444 1445
1444 1445
1445
1446
1447 1448 1449 1450
1448 1449 1450
1449 1450
1450
1451
1452 1453
1453
1454 1455
1455
1456 1457 1458
1457
1458
1459
1460
